2222322229
2222322228
2222322223
2222322222
2222299999
2222299998
2222299993
2222299992
2222299989
2222299988
2222299983
2222299982
2222299939
2222299938
2222299933
2222299932
2222299929
2222299928
2222299923
2222299922
2222299899
2222299898
2222299893
2222299892
2222299889
2222299888
2222299883
2222299882
2222299839
2222299838
2222299833
2222299832
2222299829
2222299828
2222299823
2222299822
2222299399
2222299398
2222299393
2222299392
2222299389
2222299388
2222299383
2222299382
2222299339
2222299338
2222299333
2222299332
2222299329
2222299328
2222299323
2222299322
2222299299
2222299298
2222299293
2222299292
2222299289
2222299288
2222299283
2222299282
2222299239
2222299238
2222299233
2222299232
2222299229
2222299228
2222299223
2222299222
2222298999
2222298998
2222298993
2222298992
2222298989
2222298988
2222298983
2222298982
2222298939
2222298938
2222298933
2222298932
2222298929
2222298928
2222298923
2222298922
2222298899
2222298898
2222298893
2222298892
2222298889
2222298888
2222298883
2222298882
2222298839
2222298838
2222298833
2222298832
2222298829
2222298828
2222298823
2222298822
2222298399
2222298398
2222298393
2222298392
2222298389
2222298388
2222298383
2222298382
2222298339
2222298338
2222298333
2222298332
2222298329
2222298328
2222298323
2222298322
2222298299
2222298298
2222298293
2222298292
2222298289
2222298288
2222298283
2222298282
2222298239
2222298238
2222298233
2222298232
2222298229
2222298228
2222298223
2222298222
2222293999
2222293998
2222293993
2222293992
2222293989
2222293988
2222293983
2222293982
2222293939
2222293938
2222293933
2222293932
2222293929
2222293928
2222293923
2222293922
2222293899
2222293898
2222293893
2222293892
2222293889
2222293888
2222293883
2222293882
2222293839
2222293838
2222293833
2222293832
2222293829
2222293828
2222293823
2222293822
2222293399
2222293398
2222293393
2222293392
2222293389
2222293388
2222293383
2222293382
2222293339
2222293338
2222293333
2222293332
2222293329
2222293328
2222293323
2222293322
2222293299
2222293298
2222293293
2222293292
2222293289
2222293288
2222293283
2222293282
2222293239
2222293238
2222293233
2222293232
2222293229
2222293228
2222293223
2222293222
2222292999
2222292998
2222292993
2222292992
2222292989
2222292988
2222292983
2222292982
2222292939
2222292938
2222292933
2222292932
2222292929
2222292928
2222292923
2222292922
2222292899
2222292898
2222292893
2222292892
2222292889
2222292888
2222292883
2222292882
2222292839
2222292838
2222292833
2222292832
2222292829
2222292828
2222292823
2222292822
2222292399
2222292398
2222292393
2222292392
2222292389
2222292388
2222292383
2222292382
2222292339
2222292338
2222292333
2222292332
2222292329
2222292328
2222292323
2222292322
2222292299
2222292298
2222292293
2222292292
2222292289
2222292288
2222292283
2222292282
2222292239
2222292238
2222292233
2222292232
2222292229
2222292228
2222292223
2222292222
2222289999
2222289998
2222289993
2222289992
2222289989
2222289988
2222289983
2222289982
2222289939
2222289938
2222289933
2222289932
2222289929
2222289928
2222289923
2222289922
2222289899
2222289898
2222289893
2222289892
2222289889
2222289888
2222289883
2222289882
2222289839
2222289838
2222289833
2222289832
2222289829
2222289828
2222289823
2222289822
2222289399
2222289398
2222289393
2222289392
2222289389
2222289388
2222289383
2222289382
2222289339
2222289338
2222289333
2222289332
2222289329
2222289328
2222289323
2222289322
2222289299
2222289298
2222289293
2222289292
2222289289
2222289288
2222289283
2222289282
2222289239
2222289238
2222289233
2222289232
2222289229
2222289228
2222289223
2222289222
2222288999
2222288998
2222288993
2222288992
2222288989
2222288988
2222288983
2222288982
2222288939
2222288938
2222288933
2222288932
2222288929
2222288928
2222288923
2222288922
2222288899
2222288898
2222288893
2222288892
2222288889
2222288888
2222288883
2222288882
2222288839
2222288838
2222288833
2222288832
2222288829
2222288828
2222288823
2222288822
2222288399
2222288398
2222288393
2222288392
2222288389
2222288388
2222288383
2222288382
2222288339
2222288338
2222288333
2222288332
2222288329
2222288328
2222288323
2222288322
2222288299
2222288298
2222288293
2222288292
2222288289
2222288288
2222288283
2222288282
2222288239
2222288238
2222288233
2222288232
2222288229
2222288228
2222288223
2222288222
2222283999
2222283998
2222283993
2222283992
2222283989
2222283988
2222283983
2222283982
2222283939
2222283938
2222283933
2222283932
2222283929
2222283928
2222283923
2222283922
2222283899
2222283898
2222283893
2222283892
2222283889
2222283888
2222283883
2222283882
2222283839
2222283838
2222283833
2222283832
2222283829
2222283828
2222283823
2222283822
2222283399
2222283398
2222283393
2222283392
2222283389
2222283388
2222283383
2222283382
2222283339
2222283338
2222283333
2222283332
2222283329
2222283328
2222283323
2222283322
2222283299
2222283298
2222283293
2222283292
2222283289
2222283288
2222283283
2222283282
2222283239
2222283238
2222283233
2222283232
2222283229
2222283228
2222283223
2222283222
2222282999
2222282998
2222282993
2222282992
2222282989
2222282988
2222282983
2222282982
2222282939
2222282938
2222282933
2222282932
2222282929
2222282928
2222282923
2222282922
2222282899
2222282898
2222282893
2222282892
2222282889
2222282888
2222282883
2222282882
2222282839
2222282838
2222282833
2222282832
2222282829
2222282828
2222282823
2222282822
2222282399
2222282398
2222282393
2222282392
2222282389
2222282388
2222282383
2222282382
2222282339
2222282338
2222282333
2222282332
2222282329
2222282328
2222282323
2222282322
2222282299
2222282298
2222282293
2222282292
2222282289
2222282288
2222282283
2222282282
2222282239
2222282238
2222282233
2222282232
2222282229
2222282228
2222282223
2222282222
2222239999
2222239998
2222239993
2222239992
2222239989
2222239988
2222239983
2222239982
2222239939
2222239938
2222239933
2222239932
2222239929
2222239928
2222239923
2222239922
2222239899
2222239898
2222239893
2222239892
2222239889
2222239888
2222239883
2222239882
2222239839
2222239838
2222239833
2222239832
2222239829
2222239828
2222239823
2222239822
2222239399
2222239398
2222239393
2222239392
2222239389
2222239388
2222239383
2222239382
2222239339
2222239338
2222239333
2222239332
2222239329
2222239328
2222239323
2222239322
2222239299
2222239298
2222239293
2222239292
2222239289
2222239288
2222239283
2222239282
2222239239
2222239238
2222239233
2222239232
2222239229
2222239228
2222239223
2222239222
2222238999
2222238998
2222238993
2222238992
2222238989
2222238988
2222238983
2222238982
2222238939
2222238938
2222238933
2222238932
2222238929
2222238928
2222238923
2222238922
2222238899
2222238898
2222238893
2222238892
2222238889
2222238888
2222238883
2222238882
2222238839
2222238838
2222238833
2222238832
2222238829
2222238828
2222238823
2222238822
2222238399
2222238398
2222238393
2222238392
2222238389
2222238388
2222238383
2222238382
2222238339
2222238338
2222238333
2222238332
2222238329
2222238328
2222238323
2222238322
2222238299
2222238298
2222238293
2222238292
2222238289
2222238288
2222238283
2222238282
2222238239
2222238238
2222238233
2222238232
2222238229
2222238228
2222238223
2222238222
2222233999
2222233998
2222233993
2222233992
2222233989
2222233988
2222233983
2222233982
2222233939
2222233938
2222233933
2222233932
2222233929
2222233928
2222233923
2222233922
2222233899
2222233898
2222233893
2222233892
2222233889
2222233888
2222233883
2222233882
2222233839
2222233838
2222233833
2222233832
2222233829
2222233828
2222233823
2222233822
2222233399
2222233398
2222233393
2222233392
2222233389
2222233388
2222233383
2222233382
2222233339
2222233338
2222233333
2222233332
2222233329
2222233328
2222233323
2222233322
2222233299
2222233298
2222233293
2222233292
2222233289
2222233288
2222233283
2222233282
2222233239
2222233238
2222233233
2222233232
2222233229
2222233228
2222233223
2222233222
2222232999
2222232998
2222232993
2222232992
2222232989
2222232988
2222232983
2222232982
2222232939
2222232938
2222232933
2222232932
2222232929
2222232928
2222232923
2222232922
2222232899
2222232898
2222232893
2222232892
2222232889
2222232888
2222232883
2222232882
2222232839
2222232838
2222232833
2222232832
2222232829
2222232828
2222232823
2222232822
2222232399
2222232398
2222232393
2222232392
2222232389
2222232388
2222232383
2222232382
2222232339
2222232338
2222232333
2222232332
2222232329
2222232328
2222232323
2222232322
2222232299
2222232298
2222232293
2222232292
2222232289
2222232288
2222232283
2222232282
2222232239
2222232238
2222232233
2222232232
2222232229
2222232228
2222232223
2222232222
2222229999
2222229998
2222229993
2222229992
2222229989
2222229988
2222229983
2222229982
2222229939
2222229938
2222229933
2222229932
2222229929
2222229928
2222229923
2222229922
2222229899
2222229898
2222229893
2222229892
2222229889
2222229888
2222229883
2222229882
2222229839
2222229838
2222229833
2222229832
2222229829
2222229828
2222229823
2222229822
2222229399
2222229398
2222229393
2222229392
2222229389
2222229388
2222229383
2222229382
2222229339
2222229338
2222229333
2222229332
2222229329
2222229328
2222229323
2222229322
2222229299
2222229298
2222229293
2222229292
2222229289
2222229288
2222229283
2222229282
2222229239
2222229238
2222229233
2222229232
2222229229
2222229228
2222229223
2222229222
2222228999
2222228998
2222228993
2222228992
2222228989
2222228988
2222228983
2222228982
2222228939
2222228938
2222228933
2222228932
2222228929
2222228928
2222228923
2222228922
2222228899
2222228898
2222228893
2222228892
2222228889
2222228888
2222228883
2222228882
2222228839
2222228838
2222228833
2222228832
2222228829
2222228828
2222228823
2222228822
2222228399
2222228398
2222228393
2222228392
2222228389
2222228388
2222228383
2222228382
2222228339
2222228338
2222228333
2222228332
2222228329
2222228328
2222228323
2222228322
2222228299
2222228298
2222228293
2222228292
2222228289
2222228288
2222228283
2222228282
2222228239
2222228238
2222228233
2222228232
2222228229
2222228228
2222228223
2222228222
2222223999
2222223998
2222223993
2222223992
2222223989
2222223988
2222223983
2222223982
2222223939
2222223938
2222223933
2222223932
2222223929
2222223928
2222223923
2222223922
2222223899
2222223898
2222223893
2222223892
2222223889
2222223888
2222223883
2222223882
2222223839
2222223838
2222223833
2222223832
2222223829
2222223828
2222223823
2222223822
2222223399
2222223398
2222223393
2222223392
2222223389
2222223388
2222223383
2222223382
2222223339
2222223338
2222223333
2222223332
2222223329
2222223328
2222223323
2222223322
2222223299
2222223298
2222223293
2222223292
2222223289
2222223288
2222223283
2222223282
2222223239
2222223238
2222223233
2222223232
2222223229
2222223228
2222223223
2222223222
2222222999
2222222998
2222222993
2222222992
2222222989
2222222988
2222222983
2222222982
2222222939
2222222938
2222222933
2222222932
2222222929
2222222928
2222222923
2222222922
2222222899
2222222898
2222222893
2222222892
2222222889
2222222888
2222222883
2222222882
2222222839
2222222838
2222222833
2222222832
2222222829
2222222828
2222222823
2222222822
2222222399
2222222398
2222222393
2222222392
2222222389
2222222388
2222222383
2222222382
2222222339
2222222338
2222222333
2222222332
2222222329
2222222328
2222222323
2222222322
2222222299
2222222298
2222222293
2222222292
2222222289
2222222288
2222222283
2222222282
2222222239
2222222238
2222222233
2222222232
2222222229
2222222228
2222222223
2222222222
